10000
20000
30000
40000
50000
60000
70000
80000
90000
100000
110000
120000
130000
140000
150000
160000
170000
180000
190000
200000
210000
220000
230000
240000
250000
260000
270000
280000
290000
300000
310000
320000
330000
340000
350000
360000
370000
380000
390000
400000
410000
420000
430000
440000
450000
460000
470000
480000
490000
500000
510000
520000
530000
540000
550000
######
TP: 43277
FN: 4
FP: 8357
TN: 30
Accuracy: 0.838178369590462
Error rate: 0.161821630409538
######
TP: 43545
FN: 1
FP: 8084
TN: 38
Accuracy: 0.843520167221491
Error rate: 0.156479832778509
######
